INSERT INTO joins (Academy_ID, National_ID) VALUES 
(1, 302030016),
(1, 302030017),
(1, 302030018),
(2, 302030018),
(2, 302030019),
(2, 302030020),
(3, 302030020),
(3, 302030021),
(3, 302030022),
(4, 302030022),
(4, 302030023),
(4, 302030024),
(5, 302030024),
(5, 302030025),
(5, 302030026),
(6, 302030026),
(6, 302030027),
(6, 302030028),
(7, 302030028),
(7, 302030029),
(7, 302030030),
(8, 302030030),
(8, 302030016),
(8, 302030017),
(9, 302030017),
(9, 302030018),
(9, 302030019),
(10, 302030019),
(10, 302030020),
(10, 302030021),
(11, 302030021),
(11, 302030022),
(11, 302030023),
(12, 302030023),
(12, 302030024),
(12, 302030025),
(13, 302030025),
(13, 302030026),
(13, 302030027),
(14, 302030027),
(14, 302030028),
(14, 302030029),
(15, 302030029),
(15, 302030030),
(15, 302030016);
